100048912
100126791
100128124
100128640
100129460
100130100
100130331
100130449
100131825
100134713
100289410
100499177
100505650
100505761
100505879
100505933
100506124
100506190
100506358
100506469
100506504
100506571
100506898
100506963
100507331
100507399
100507424
100507605
100652931
10141
10151
10255
10408
10740
10748
10866
11223
11257
114044
116828
117153
1244
128872
1308
1349
1371
139538
1414
150244
150967
157627
1576
1720
1749
1834
191585
196993
222161
229
23434
23520
23591
23629
23676
23766
25775
25786
25787
25858
25859
26047
26083
26102
26138
26148
26227
26240
26476
26784
2697
27004
27099
282997
283131
283876
28395
28396
28409
28410
28442
28452
284649
28465
28474
28526
285830
28584
28646
28655
28662
28667
28670
28671
28673
28676
28677
28680
28683
28727
28755
28778
28781
28785
28793
28797
28803
28815
28825
28904
28908
29018
29034
29065
29092
29931
303
3044
304
305
317648
3211
3313
339290
339524
3480
3495
3497
3507
3514
352961
3653
3712
3766
388796
389715
3972
400084
400410
441263
4507
4583
50700
5078
50854
51145
51168
51198
51214
51275
51301
51352
5167
5379
5430
54435
54508
54581
5459
55000
55018
55025
55157
55267
55350
55384
55410
5542
55472
5550
55539
55853
56154
56260
56918
56969
57061
58483
5969
60467
6125
6315
6336
6402
64180
643224
643314
643332
64595
64858
65095
653483
654434
668
6702
6708
684959
690
7025
7100
711
728448
728882
729164
730227
7503
750
763
7696
7754
78998
79015
79136
79640
79667
79686
79857
79940
79946
80022
80035
80054
80069
80072
80094
80099
80111
80161
80215
80232
80761
80868
8123
8139
81571
81698
81854
8216
8418
8420
84789
84809
84981
8552
8748
8857
91316
91353
9142
92249
9294
92973
9597
9636
9808
9834
9907
